9.391166666666667107e-01
9.530333333333332879e-01
9.558333333333333126e-01
9.560833333333332851e-01
9.595000000000000195e-01
9.623000000000000442e-01
9.627666666666666595e-01
9.650333333333332986e-01
9.667999999999999927e-01
9.664666666666666961e-01
9.660499999999999643e-01
9.681166666666666254e-01
9.672166666666666135e-01
9.687000000000000055e-01
9.694000000000000394e-01
9.683666666666667089e-01
9.710666666666666336e-01
9.716000000000000192e-01
9.715500000000000247e-01
9.711833333333332874e-01
9.723500000000000476e-01
9.721333333333332938e-01
9.726166666666666849e-01
9.734166666666667078e-01
9.735000000000000320e-01
9.730999999999999650e-01
9.727500000000000036e-01
9.734666666666667023e-01
9.736666666666666803e-01
9.741499999999999604e-01
