8.594833333333333769e-01
8.711833333333333096e-01
8.728833333333333444e-01
8.787166666666667014e-01
8.826166666666667160e-01
8.814833333333332854e-01
8.852833333333333110e-01
8.875333333333332853e-01
8.890166666666666773e-01
8.894333333333332980e-01
8.924666666666666304e-01
8.934499999999999664e-01
8.937500000000000444e-01
8.960666666666666780e-01
8.949333333333333584e-01
8.965333333333332932e-01
8.976499999999999480e-01
8.984333333333333060e-01
8.985333333333332950e-01
9.006999999999999451e-01
9.014499999999999735e-01
9.020666666666666833e-01
9.035833333333332940e-01
9.041833333333333389e-01
9.037500000000000533e-01
9.051000000000000156e-01
9.058666666666667089e-01
9.058166666666667144e-01
9.065499999999999670e-01
9.064833333333333076e-01
