4.729530437192174808e-01
3.783400763374275000e-01
3.573639916776339964e-01
3.469249199368933390e-01
3.376626692442243338e-01
3.286813417715685470e-01
3.240336648055485158e-01
3.181076605579873373e-01
3.131621324939768414e-01
3.079352050161819343e-01
3.033660911341338751e-01
3.010264908485829616e-01
2.959114210183686478e-01
2.940823485904029422e-01
2.927025725751289387e-01
2.926739446723511939e-01
2.866881858072936606e-01
2.849961801934470795e-01
2.836846365992511942e-01
2.829426400649395212e-01
2.804906989560960739e-01
2.775300218344433634e-01
2.746927765910940900e-01
2.728138393017529029e-01
2.715064638824478127e-01
2.680400011540730043e-01
2.683030924181948329e-01
2.652562643323880254e-01
2.626764682659716299e-01
2.620078804594939137e-01
