8.978833333333333666e-01
9.045166666666666355e-01
9.680666666666666309e-01
9.730499999999999705e-01
9.766333333333333533e-01
9.566500000000000004e-01
9.806500000000000217e-01
9.836333333333333595e-01
9.644500000000000295e-01
9.894500000000000517e-01
9.892666666666666275e-01
9.886833333333333584e-01
9.933333333333332904e-01
9.926666666666666972e-01
9.950666666666666549e-01
9.926000000000000378e-01
9.966000000000000414e-01
9.953666666666666218e-01
9.968000000000000194e-01
9.904833333333333822e-01
9.970999999999999863e-01
9.980499999999999927e-01
9.983666666666666245e-01
9.973333333333332940e-01
9.973833333333332885e-01
9.988000000000000211e-01
9.938000000000000167e-01
9.960999999999999854e-01
9.987833333333333563e-01
9.809166666666666590e-01
