3.461407316225106334e-01
8.915220365933040902e-02
5.424301316147483315e-02
3.685896464937261224e-02
2.860780491449955651e-02
2.281366119599108691e-02
1.844889405027115223e-02
1.527108237279384446e-02
1.279475771115103945e-02
1.036432978666341868e-02
9.079238656026595786e-03
8.067646633653936111e-03
6.988722584838333307e-03
5.918846808315347992e-03
5.090725840442180197e-03
4.884687349055536615e-03
4.142829569954939797e-03
3.565805732458234272e-03
3.406635368708769551e-03
2.893866333503723916e-03
3.223561936993025925e-03
2.715630197957995175e-03
2.185551866092585224e-03
1.989294542403055588e-03
2.091168560663893370e-03
1.855550577105675829e-03
1.807058438590174437e-03
1.743171643301311483e-03
2.010874128625719619e-03
6.284705361802263301e-03
