3.160701122984830302e-01
1.868970441415524764e-01
1.646886832648709609e-01
1.554421318341483449e-01
1.447395636359535553e-01
1.440665862182461121e-01
1.380795312958257304e-01
1.322243738202636409e-01
1.311530496965823689e-01
1.281294883812156282e-01
1.250545136513375177e-01
1.221715291417928700e-01
1.214697656980249091e-01
1.223551067923292907e-01
1.147646876933204052e-01
1.154018335680696700e-01
1.137462881173931517e-01
1.103807095230233404e-01
1.120240644514332307e-01
1.157238294949073931e-01
1.119066615004280091e-01
1.129957197332329827e-01
1.104375543700817086e-01
1.107282959087851071e-01
1.076808876418414301e-01
1.104456720780817025e-01
1.121896510695053611e-01
1.120311868328192489e-01
1.110777095880365328e-01
1.111418576679626402e-01
