2.208711963364365927e-01
1.041823794434412476e-01
1.381782318598608061e-01
1.439689306903089716e-01
1.447901217804120344e-01
1.554151432983170711e-01
1.691995694944706530e-01
1.676021319239537066e-01
1.752095393094901810e-01
1.799947868628812286e-01
1.784690758919191267e-01
1.803559564586345865e-01
1.751848115512553705e-01
1.700456965920642549e-01
1.646379808381444321e-01
1.598538027480307377e-01
1.582948943615384851e-01
1.643801872119872165e-01
1.670347521705632388e-01
1.708711303121642766e-01
1.712166370587539233e-01
1.737262144910887984e-01
1.722984364022405457e-01
1.649805619266170864e-01
1.634359829488647164e-01
1.637616716720221299e-01
1.633811430076208271e-01
1.638417043635229109e-01
1.599088605556747145e-01
1.547726625702058045e-01
