4.499057442950668562e-01
2.857141936543399763e-01
2.449044011898640627e-01
2.190292775869242536e-01
1.990546312238743176e-01
1.818747369052250429e-01
1.689500206990091902e-01
1.582718109731862388e-01
1.492165542050783167e-01
1.389978033806215096e-01
1.297653497897708064e-01
1.223545984180370166e-01
1.153200083275212340e-01
1.093426395390333650e-01
1.018884716682565000e-01
9.724626013798627622e-02
9.335968530039860658e-02
8.675377378895529623e-02
8.242231868564892094e-02
7.744001497480787477e-02
7.309743425230989800e-02
6.934204671198307413e-02
6.481028464175998816e-02
6.163620854666364973e-02
5.785498469928974236e-02
5.443266051600990918e-02
5.078233216903103170e-02
4.861762921319905117e-02
4.581015760392776609e-02
4.242049959023544425e-02
