9.762999999999999456e-01
9.779166666666666563e-01
9.764166666666667105e-01
9.776000000000000245e-01
9.788666666666666627e-01
9.781333333333332991e-01
9.804333333333333789e-01
9.811166666666666369e-01
9.815166666666667039e-01
9.810166666666666480e-01
9.816833333333333522e-01
9.817000000000000171e-01
9.821499999999999675e-01
9.825500000000000345e-01
9.828333333333333366e-01
9.834666666666667112e-01
9.839166666666666616e-01
9.835500000000000353e-01
9.839999999999999858e-01
9.838500000000000023e-01
9.842833333333332879e-01
9.841333333333333044e-01
9.845166666666667066e-01
9.849833333333333218e-01
9.851999999999999647e-01
9.850499999999999812e-01
9.848333333333333384e-01
9.848999999999999977e-01
9.853166666666666185e-01
9.855500000000000371e-01
