8.179333333333332900e-01
8.486833333333333451e-01
8.674333333333332785e-01
8.728000000000000203e-01
8.691833333333333078e-01
8.761499999999999844e-01
9.055833333333332957e-01
8.776500000000000412e-01
8.631999999999999673e-01
9.024666666666666393e-01
9.034833333333333050e-01
9.158166666666666123e-01
8.858666666666666911e-01
9.166833333333332945e-01
9.045499999999999652e-01
8.984666666666666357e-01
9.183666666666666645e-01
8.906166666666666121e-01
9.239333333333333842e-01
9.177999999999999492e-01
9.192666666666666764e-01
9.322166666666666934e-01
9.342666666666666897e-01
9.444833333333333414e-01
9.396333333333333204e-01
9.510499999999999510e-01
9.405833333333333268e-01
9.484833333333333449e-01
9.457499999999999796e-01
9.478999999999999648e-01
